3.533745
4.388393
3.349588
3.259026
4.241743
4.923615
3.313081
3.532502
3.075634
4.773566
3.361079
3.253323
3.640226
4.831496
3.223681
3.16954
4.082147
3.966965
3.673021
3.038735
3.770619
3.470452
3.615204
5.026283
3.396359
5.430847
3.361205
4.564885
3.434329
3.083024
3.293774
3.158848
4.056395
4.386072
3.083789
3.005327
4.304285
3.402046
3.750868
3.47112
3.477705
3.157442
3.100626
3.450773
3.464818
3.307263
3.003949
3.50733
3.244644
6.844194
3.249367
4.56566
3.076316
4.412143
4.219024
4.997814
3.018374
3.100058
4.006451
3.069059
4.539413
3.134806
3.291955
3.459259
5.490604
3.676115
5.660173
5.726106
3.90251
3.487678
3.563503
3.39415
3.148237
3.099145
6.115163
3.197845
3.281282
3.709444
3.432916
3.327148
3.272008
3.671848
6.697448
3.330312
4.775103
4.601187
4.298661
3.273846
3.212923
4.404376
3.953659
4.007387
3.963195
3.253063
3.353399
4.058243
3.090182
3.063749
4.469289
4.019348
3.666046
3.800762
3.303858
3.062831
3.538189
3.745419
3.064337
3.303464
3.019992
4.648719
3.124904
3.217733
4.00809
3.799225
3.19685
3.027288
3.175021
4.475866
6.053025
3.14228
3.013286
4.058979
3.493225
3.324378
3.142488
4.279845
3.048406
3.160568
3.215097
3.602003
3.973479
22.98448
4.683271
3.030995
3.572335
3.483658
3.367519
3.001864
5.387447
3.356529
3.524129
3.370114
3.027799
3.329182
3.155579
4.488615
4.219588
3.162425
3.280849
3.741095
5.251492
3.516414
4.031163
3.42796
3.105647
3.804785
3.054086
5.897355
3.537051
3.453779
3.42243
3.392354
3.124611
3.295827
8.688285
5.263558
3.131428
3.077261
3.100011
3.084812
3.364459
5.934196
3.008018
4.307671
3.716418
3.765361
5.509523
3.372482
4.40576
3.133634
3.082634
3.758084
3.503754
3.179716
3.645178
3.106779
3.518814
4.111672
3.143299
3.139336
3.424051
3.406654
3.086545
4.876302
3.423943
5.167917
4.245631
3.836177
3.345549
3.1775
